3 3 3 3 3 3 3 3 3 3 3 3 3 3 3 3 8 8 8
3 3 3 3 3 3 3 3 3 3 3 3 3 3 3 3 3 7 8 8
3 3 3 3 3 3 3 3 3 3 3 3 3 3 3 3 3 7 9 9
3 3 3 3 3 3 3 3 3 3 3 3 3 3 3 3 3 8 8 9
3 3 3 3 3 3 3 3 3 3 3 3 3 3 3 3 3 9 9 9
3 3 3 3 3 3 3 3 3 3 3 3 3 3 3 3 4 6 8 8
3 3 3 3 3 3 3 3 3 3 3 3 3 3 3 3 4 8 8 8
3 3 3 3 3 3 3 3 3 3 3 3 3 3 3 3 5 5 8 8
3 3 3 3 3 3 3 3 3 3 3 3 3 3 3 3 5 7 7 7
3 3 3 3 3 3 3 3 3 3 3 3 3 3 3 3 5 7 8 8
3 3 3 3 3 3 3 3 3 3 3 3 3 3 3 3 6 6 6 6
3 3 3 3 3 3 3 3 3 3 3 3 3 3 3 3 6 6 7 7
3 3 3 3 3 3 3 3 3 3 3 3 3 3 3 3 6 6 8 8
3 3 3 3 3 3 3 3 3 3 3 3 3 3 3 3 6 8 8 8
3 3 3 3 3 3 3 3 3 3 3 3 3 3 3 3 7 7 7 7
3 3 3 3 3 3 3 3 3 3 3 3 3 3 3 3 7 7 8 8
3 3 3 3 3 3 3 3 3 3 3 3 3 3 3 3 8 8 8 8
3 3 3 3 3 3 3 3 3 3 3 3 3 3 3 4 4 7 7 7
3 3 3 3 3 3 3 3 3 3 3 3 3 3 3 4 5 6 6 6
3 3 3 3 3 3 3 3 3 3 3 3 3 3 3 4 5 6 7 7
3 3 3 3 3 3 3 3 3 3 3 3 3 3 3 5 5 5 6 6
3 3 3 3 3 3 3 3 3 3 3 3 3 3 3 3 3 3 6 9 9
3 3 3 3 3 3 3 3 3 3 3 3 3 3 3 3 3 3 6 10 10
3 3 3 3 3 3 3 3 3 3 3 3 3 3 3 3 3 3 7 8 9
3 3 3 3 3 3 3 3 3 3 3 3 3 3 3 3 3 3 7 9 10
3 3 3 3 3 3 3 3 3 3 3 3 3 3 3 3 3 3 8 8 8
3 3 3 3 3 3 3 3 3 3 3 3 3 3 3 3 3 3 8 8 10
3 3 3 3 3 3 3 3 3 3 3 3 3 3 3 3 3 3 8 9 9
3 3 3 3 3 3 3 3 3 3 3 3 3 3 3 3 3 3 8 10 10
3 3 3 3 3 3 3 3 3 3 3 3 3 3 3 3 3 3 9 9 10
3 3 3 3 3 3 3 3 3 3 3 3 3 3 3 3 3 3 10 10 10
3 3 3 3 3 3 3 3 3 3 3 3 3 3 3 3 3 4 5 9 9
3 3 3 3 3 3 3 3 3 3 3 3 3 3 3 3 3 4 6 8 9
3 3 3 3 3 3 3 3 3 3 3 3 3 3 3 3 3 4 7 7 7
3 3 3 3 3 3 3 3 3 3 3 3 3 3 3 3 3 4 7 8 8
3 3 3 3 3 3 3 3 3 3 3 3 3 3 3 3 3 4 7 9 9
3 3 3 3 3 3 3 3 3 3 3 3 3 3 3 3 3 4 8 8 9
3 3 3 3 3 3 3 3 3 3 3 3 3 3 3 3 3 4 9 9 9
3 3 3 3 3 3 3 3 3 3 3 3 3 3 3 3 3 5 5 8 9
3 3 3 3 3 3 3 3 3 3 3 3 3 3 3 3 3 5 6 7 7
3 3 3 3 3 3 3 3 3 3 3 3 3 3 3 3 3 5 6 8 8
3 3 3 3 3 3 3 3 3 3 3 3 3 3 3 3 3 5 6 9 9
3 3 3 3 3 3 3 3 3 3 3 3 3 3 3 3 3 5 7 7 8
3 3 3 3 3 3 3 3 3 3 3 3 3 3 3 3 3 5 7 8 9
3 3 3 3 3 3 3 3 3 3 3 3 3 3 3 3 3 5 8 8 8
3 3 3 3 3 3 3 3 3 3 3 3 3 3 3 3 3 5 8 9 9
3 3 3 3 3 3 3 3 3 3 3 3 3 3 3 3 3 6 6 6 7
3 3 3 3 3 3 3 3 3 3 3 3 3 3 3 3 3 6 6 7 8
3 3 3 3 3 3 3 3 3 3 3 3 3 3 3 3 3 6 6 8 9
3 3 3 3 3 3 3 3 3 3 3 3 3 3 3 3 3 6 7 7 7
3 3 3 3 3 3 3 3 3 3 3 3 3 3 3 3 3 6 7 8 8
3 3 3 3 3 3 3 3 3 3 3 3 3 3 3 3 3 6 7 9 9
3 3 3 3 3 3 3 3 3 3 3 3 3 3 3 3 3 6 8 8 9
3 3 3 3 3 3 3 3 3 3 3 3 3 3 3 3 3 6 9 9 9
3 3 3 3 3 3 3 3 3 3 3 3 3 3 3 3 3 7 7 7 8
3 3 3 3 3 3 3 3 3 3 3 3 3 3 3 3 3 7 7 8 9
3 3 3 3 3 3 3 3 3 3 3 3 3 3 3 3 3 7 8 8 8
3 3 3 3 3 3 3 3 3 3 3 3 3 3 3 3 3 7 8 9 9
3 3 3 3 3 3 3 3 3 3 3 3 3 3 3 3 3 8 8 8 9
3 3 3 3 3 3 3 3 3 3 3 3 3 3 3 3 3 8 9 9 9
3 3 3 3 3 3 3 3 3 3 3 3 3 3 3 3 4 4 6 7 7
3 3 3 3 3 3 3 3 3 3 3 3 3 3 3 3 4 4 6 8 8
3 3 3 3 3 3 3 3 3 3 3 3 3 3 3 3 4 4 7 7 8
3 3 3 3 3 3 3 3 3 3 3 3 3 3 3 3 4 4 8 8 8
3 3 3 3 3 3 3 3 3 3 3 3 3 3 3 3 4 5 5 7 7
3 3 3 3 3 3 3 3 3 3 3 3 3 3 3 3 4 5 5 8 8
3 3 3 3 3 3 3 3 3 3 3 3 3 3 3 3 4 5 6 6 7
3 3 3 3 3 3 3 3 3 3 3 3 3 3 3 3 4 5 6 7 8
3 3 3 3 3 3 3 3 3 3 3 3 3 3 3 3 4 5 7 7 7
3 3 3 3 3 3 3 3 3 3 3 3 3 3 3 3 4 5 7 8 8
3 3 3 3 3 3 3 3 3 3 3 3 3 3 3 3 4 6 6 6 6
3 3 3 3 3 3 3 3 3 3 3 3 3 3 3 3 4 6 6 7 7
3 3 3 3 3 3 3 3 3 3 3 3 3 3 3 3 4 6 6 8 8
3 3 3 3 3 3 3 3 3 3 3 3 3 3 3 3 4 6 8 8 8
3 3 3 3 3 3 3 3 3 3 3 3 3 3 3 3 4 7 7 7 7
3 3 3 3 3 3 3 3 3 3 3 3 3 3 3 3 4 7 7 8 8
3 3 3 3 3 3 3 3 3 3 3 3 3 3 3 3 4 8 8 8 8
3 3 3 3 3 3 3 3 3 3 3 3 3 3 3 3 5 5 5 6 7
3 3 3 3 3 3 3 3 3 3 3 3 3 3 3 3 5 5 6 6 6
3 3 3 3 3 3 3 3 3 3 3 3 3 3 3 3 5 5 6 7 7
3 3 3 3 3 3 3 3 3 3 3 3 3 3 3 3 5 5 6 8 8
3 3 3 3 3 3 3 3 3 3 3 3 3 3 3 3 5 5 8 8 8
3 3 3 3 3 3 3 3 3 3 3 3 3 3 3 3 5 6 7 7 7
3 3 3 3 3 3 3 3 3 3 3 3 3 3 3 3 5 6 7 8 8
3 3 3 3 3 3 3 3 3 3 3 3 3 3 3 3 5 7 8 8 8
3 3 3 3 3 3 3 3 3 3 3 3 3 3 3 3 6 6 6 6 6
3 3 3 3 3 3 3 3 3 3 3 3 3 3 3 3 6 6 6 7 7
3 3 3 3 3 3 3 3 3 3 3 3 3 3 3 3 6 6 6 8 8
3 3 3 3 3 3 3 3 3 3 3 3 3 3 3 3 6 6 8 8 8
3 3 3 3 3 3 3 3 3 3 3 3 3 3 3 3 6 7 7 7 7
3 3 3 3 3 3 3 3 3 3 3 3 3 3 3 3 6 7 7 8 8
3 3 3 3 3 3 3 3 3 3 3 3 3 3 3 3 6 8 8 8 8
3 3 3 3 3 3 3 3 3 3 3 3 3 3 3 3 7 7 8 8 8
3 3 3 3 3 3 3 3 3 3 3 3 3 3 3 3 8 8 8 8 8
3 3 3 3 3 3 3 3 3 3 3 3 3 3 3 4 4 4 5 7 7
3 3 3 3 3 3 3 3 3 3 3 3 3 3 3 4 4 4 7 7 7
3 3 3 3 3 3 3 3 3 3 3 3 3 3 3 4 4 5 6 6 6
3 3 3 3 3 3 3 3 3 3 3 3 3 3 3 4 4 5 6 7 7
3 3 3 3 3 3 3 3 3 3 3 3 3 3 3 4 4 6 7 7 7
3 3 3 3 3 3 3 3 3 3 3 3 3 3 3 4 5 5 5 5 5
3 3 3 3 3 3 3 3 3 3 3 3 3 3 3 4 5 5 5 6 6
3 3 3 3 3 3 3 3 3 3 3 3 3 3 3 4 5 5 5 7 7
3 3 3 3 3 3 3 3 3 3 3 3 3 3 3 4 5 5 7 7 7
3 3 3 3 3 3 3 3 3 3 3 3 3 3 3 4 5 6 6 6 6
3 3 3 3 3 3 3 3 3 3 3 3 3 3 3 4 5 6 6 7 7
3 3 3 3 3 3 3 3 3 3 3 3 3 3 3 4 5 7 7 7 7
3 3 3 3 3 3 3 3 3 3 3 3 3 3 3 5 5 5 6 6 6
3 3 3 3 3 3 3 3 3 3 3 3 3 3 3 5 5 5 6 7 7
3 3 3 3 3 3 3 3 3 3 3 3 3 3 4 4 4 4 4 7 7
3 3 3 3 3 3 3 3 3 3 3 3 3 3 4 4 4 4 6 6 6
3 3 3 3 3 3 3 3 3 3 3 3 3 3 4 4 4 4 6 7 7
3 3 3 3 3 3 3 3 3 3 3 3 3 3 4 4 4 5 5 5 5
3 3 3 3 3 3 3 3 3 3 3 3 3 3 4 4 4 5 5 6 6
3 3 3 3 3 3 3 3 3 3 3 3 3 3 4 4 4 5 5 7 7
3 3 3 3 3 3 3 3 3 3 3 3 3 3 4 4 4 6 6 6 6
3 3 3 3 3 3 3 3 3 3 3 3 3 3 4 5 5 5 5 5 5
3 3 3 3 3 3 3 3 3 3 3 3 3 4 4 4 4 4 5 5 5
3 3 3 3 3 3 3 3 3 3 3 3 3 4 4 4 4 4 5 6 6
